1.439637188
1.915646259
2.380045351
2.844444444
3.366893424
3.842902494
4.318911565
4.806530612
5.282539683
5.758548753
6.246167800
6.722176871
7.198185941
7.697414966
8.161814059
8.637823129
9.125442177
9.601451247
10.077460317
10.565079365
11.041088435
11.517097506
12.004716553
12.480725624
12.945124717
13.444353741
13.920362812
14.396371882
14.883990930
15.360000000
15.836009070
16.323628118
16.799637188
17.275646259
17.751655329
18.239274376
18.715283447
19.191292517
19.678911565
20.154920635
20.630929705
21.118548753
21.594557823
22.070566893
22.558185941
23.034195011
23.510204082
24.009433107
24.473832200
24.949841270
25.437460317
25.913469388
26.389478458
26.888707483
27.364716553
27.829115646
28.328344671
28.792743764
29.268752834
29.767981859
30.243990930
30.708390023
31.207619048
31.683628118
32.159637188
32.635646259
33.378684807
33.843083900
34.342312925
34.806712018
35.282721088
35.770340136
36.246349206
36.722358277
37.209977324
37.685986395
38.161995465
38.649614512
39.125623583
39.601632653
40.100861678
40.565260771
41.041269841
41.517278912
42.016507937
42.480907029
42.956916100
43.456145125
43.932154195
44.408163265
44.895782313
45.371791383
45.836190476
46.335419501
46.811428571
47.275827664
47.763446712
48.239455782
48.715464853
49.214693878
49.679092971
50.155102041
50.654331066
51.118730159
51.594739229
52.093968254
52.569977324
53.034376417
53.533605442
54.009614512
54.474013605
54.973242630
55.449251701
55.925260771
56.389659864
56.877278912
57.353287982
57.829297052
58.328526077
58.804535147
59.268934240
59.768163265
60.244172336
60.720181406
61.207800454
61.683809524
62.159818594
62.647437642
63.123446712
63.599455782
64.087074830
64.563083900
65.027482993
65.526712018
65.991111111
66.467120181
66.954739229
67.430748299
67.906757370
68.394376417
68.870385488
69.346394558
69.857233560
70.333242630
70.809251701
71.296870748
71.772879819
72.237278912
72.713287982
73.212517007
73.688526077
74.164535147
74.652154195
75.128163265
75.604172336
76.091791383
76.567800454
77.043809524
77.531428571
78.007437642
78.483446712
78.971065760
79.447074830
79.923083900
80.410702948
80.886712018
81.362721088
81.850340136
82.326349206
82.802358277
83.289977324
83.765986395
84.230385488
84.729614512
85.205623583
85.681632653
86.169251701
86.645260771
87.121269841
87.597278912
88.084897959
88.560907029
89.036916100
89.524535147
90.000544218
90.476553288
90.975782313
91.440181406
91.916190476